%YAML:1.0
---
CameraExtrinsicMat: !!opencv-matrix
   rows: 4
   cols: 4
   dt: f
   data: [ -5.08698404e-01, 1.58019021e-01, -8.46319020e-01,
       2.4668250442e+01, 8.60769331e-01, 1.13197252e-01, -4.96248573e-01,
       6.320669323e+00, 1.73842758e-02, -9.80926335e-01, -1.93601176e-01,
       -1.3322685606304879e+02, 0., 0., 0., 1. ]
CameraMat: !!opencv-matrix
   rows: 3
   cols: 3
   dt: d
   data: [ 1.6699277542515979e+03, 0., 9.5912873633127992e+02, 0.,
       1.6700065457243250e+03, 5.5521812644791487e+02, 0., 0., 1. ]
DistCoeff: !!opencv-matrix
   rows: 1
   cols: 5
   dt: d
   data: [ 3.6080180260734680e-02, 1.1284806126432308e-01,
       9.2666338019704072e-04, -7.2646197600073574e-05,
       3.8527144253253216e-02 ]
ImageSize: [ 1920, 1080 ]
ReprojectionError: 1.5535870194435120e-01
DistModel: plumb_bob
