%YAML:1.0
---
CameraExtrinsicMat: !!opencv-matrix
   rows: 4
   cols: 4
   dt: f
   data: [ -7.00592026e-02, 5.16477861e-02, -9.96204913e-01,
       2.4593657374e+01, 9.97542739e-01, 4.12303163e-03, -6.99395314e-02,
       0.5879217982e+01, 4.95162793e-04, -9.98656869e-01, -5.18097281e-02,
       -1.33449424744e+02, 0., 0., 0., 1. ]
CameraMat: !!opencv-matrix
   rows: 3
   cols: 3
   dt: d
   data: [ 1.7859763959837862e+03, 0., 9.9746433978683524e+02, 0.,
       1.7868201626818220e+03, 5.7193786101820683e+02, 0., 0., 1. ]
DistCoeff: !!opencv-matrix
   rows: 5
   cols: 1
   dt: d
   data: [ -1.3810274725011631e-01, -1.5879816059410679e-01,
       1.7340695420512051e-03, 1.4837161790096475e-03,
       5.0098201547421883e-01 ]
ImageSize: [ 1920, 1080 ]
ReprojectionError: 4.4001811742782593e-01
DistModel: plumb_bob
